39326
0
1263
1956
1603
1646
465
1308
1665
1436
1451
144
1087
545
1018
1525
1341
1694
547
655
1471
1421
761
926
1866
54
56
1028
556
549
74
775
135
109
1120
149
782
1069
1023
37
287
739
596
1810
316
1108
176
1802
1854
1709
1125
703
1605
1282
920
968
694
601
469
323
702
355
938
1858
1034
259
131
578
1656
1940
543
233
1589
1543
788
1702
1997
1824
146
1922
1294
1539
1190
1509
1949
1764
119
873
1331
1512
270
1017
698
1004
1755
758
1868
1031
992
1100
374
634
1469
90
238
1227
1562
1826
1464
1397
1424
1183
1916
1931
1720
811
722
864
1946
586
1835
1449
1333
1579
1674
275
1895
1168
1444
446
1805
1661
7
1537
500
344
351
1361
1500
1975
1222
1641
899
760
622
1560
1613
1336
600
106
1669
1170
258
62
4
35
1726
575
569
1626
1932
1488
1812
1797
1065
895
67
1606
3
924
1666
1685
479
982
1202
1407
155
182
896
435
1093
952
324
742
1681
797
648
468
891
1250
252
1813
592
1311
1073
1912
1793
1369
1908
1480
1405
1051
1832
1553
1992
1566
1567
1232
1441
1652
1872
1022
1904
236
1508
1800
25
206
122
819
1235
413
401
1199
197
991
909
501
393
1138
512
1758
1943
1439
1452
534
1548
1772
933
460
1050
1337
136
628
509
1892
774
1329
39
1552
1874
300
524
442
682
571
1643
1169
801
124
1130
249
1971
1740
886
1960
987
298
850
557
816
1098
710
291
667
1345
618
256
44
384
204
1445
901
1790
253
1281
1119
635
167
1386
1099
1961
1302
689
467
133
1192
582
1601
15
84
510
1727
1557
736
1212
881
967
61
502
948
1985
1016
934
1275
610
1483
251
1309
1303
1855
440
822
64
1062
1064
1223
1980
1147
315
1357
1987
1367
456
659
57
1431
1973
1816
1274
731
1351
1187
1233
123
55
677
1478
658
619
1799
639
802
1631
19
53
946
1205
1698
1936
168
1767
916
661
506
279
686
1115
630
1705
369
1245
662
60
1225
170
922
1287
848
1516
1101
312
834
1735
36
1703
443
1322
1019
174
77
598
1511
872
1839
624
1730
1750
1569
779
1678
41
1625
931
1085
880
1112
663
645
851
1896
113
1132
1963
1725
375
1153
1842
150
439
272
220
65
1220
1899
1530
1885
1728
1528
459
1231
172
1456
1833
882
1123
151
266
785
1977
1787
685
1332
838
1328
863
1995
475
865
1773
261
1103
406
893
1354
996
1259
763
1167
107
179
1364
1084
72
494
496
714
99
905
495
189
1189
1993
1818
1729
1323
306
732
1550
1036
1154
230
428
765
1039
537
1228
910
696
1467
105
632
777
837
1945
1254
140
301
1645
942
1863
110
1290
1326
68
115
400
1269
195
1428
844
978
1523
1301
329
322
441
1150
1907
745
1114
1942
1040
792
1077
913
1692
28
1316
1020
227
781
529
1689
454
1596
222
705
1660
1559
1732
153
817
1647
1181
218
376
1837
1925
1687
1506
1634
98
1747
675
1355
191
1496
1595
631
1581
1265
973
5
1003
947
970
550
466
487
27
1745
1457
383
1389
961
357
497
1710
514
484
1535
1472
1415
918
1400
608
1401
959
1455
997
1588
734
128
1430
1240
129
1501
203
178
370
1737
20
358
1760
209
1554
1901
653
94
887
1888
1198
1380
1176
576
405
29
964
1276
1283
617
1939
1910
217
289
1967
1862
697
810
1029
1619
1285
213
977
1310
975
1477
616
1536
444
1675
1582
337
809
969
859
1257
638
1859
1792
1258
226
678
830
382
212
1867
181
1599
12
1377
1690
599
263
1983
1664
388
1574
511
1304
241
704
346
1769
855
303
1473
160
1116
431
302
9
1387
1206
1398
1210
1419
448
574
798
1013
597
1521
1082
1270
1609
1691
1466
426
1381
476
1672
1121
823
1306
1097
656
629
555
1578
1448
588
718
751
925
1049
336
1371
613
1808
1598
1055
558
295
1933
389
321
1789
472
504
292
644
551
59
1403
1765
1534
664
1551
516
1517
42
1886
936
1426
1864
1067
1522
1607
1880
1479
1902
1437
911
1059
1079
211
223
1185
1388
1650
1353
1828
1021
889
1587
862
713
894
318
771
71
728
1142
1490
1849
1047
1558
1208
1191
371
1651
101
1008
1368
361
1213
145
474
1887
23
1670
1186
1991
717
650
1014
378
1930
1200
1941
48
808
486
902
971
1035
1714
447
786
1144
1667
1420
1226
480
339
139
1514
688
778
491
674
96
1738
1075
1104
1774
255
1545
1006
687
912
981
360
1881
221
1485
541
341
1608
860
481
235
1396
858
18
1856
169
1627
637
1680
156
985
743
1822
768
1032
824
1152
1778
1413
372
385
1707
390
521
680
965
423
1182
347
839
874
1823
1570
278
856
803
570
818
458
776
1497
49
1140
1549
1897
1370
1296
1338
866
267
1435
876
1319
186
1395
579
308
1869
927
1321
1970
1636
89
1237
121
842
1736
421
473
1475
769
853
869
1027
1964
1096
1175
904
1491
395
827
1025
940
1615
1393
462
332
1007
216
1978
1966
565
394
1463
749
1533
727
1484
244
538
1499
730
932
1988
799
127
960
1373
335
438
224
1493
1230
1234
40
707
1030
1378
1924
82
532
563
1948
490
75
1365
1990
917
517
1542
1951
625
126
1761
1148
1133
726
1518
290
93
1655
1953
790
1697
1360
806
585
849
1162
1683
741
1291
1054
120
1770
1829
1122
419
1266
793
1668
112
1713
784
1715
522
243
1739
1409
854
1195
1267
1701
1446
871
1143
1312
1241
1979
845
821
724
265
386
231
348
1414
986
1110
1807
1325
1561
603
273
568
897
1041
1883
1999
1242
1820
1914
1026
1088
210
47
1777
367
535
137
1510
162
733
611
1791
1107
757
1592
313
1843
1126
317
46
651
1334
649
1209
407
325
843
756
1712
1821
657
498
1422
1161
957
1053
1408
92
30
993
679
995
1141
921
735
1865
1178
1564
424
1515
1071
939
1616
453
1563
1853
1893
1622
923
1860
1498
884
1676
1928
668
91
76
979
380
1135
1594
10
1633
245
354
1404
87
1417
590
1474
867
1623
594
1513
561
1327
201
26
1546
695
1243
753
1300
311
1786
100
706
185
1635
187
1913
260
875
1136
953
539
219
246
530
1861
602
1847
183
789
455
228
268
159
409
359
1358
1780
544
972
589
1870
515
1164
861
1066
660
1803
919
452
1453
1433
1906
1366
1905
1573
457
738
1399
1061
1875
567
432
408
207
508
744
1024
73
1644
1037
1128
1583
1572
1356
334
1295
954
111
1576
949
1974
1877
314
591
85
1005
1565
915
826
1801
951
1224
320
392
528
1994
754
1158
95
161
1086
835
1043
116
825
581
907
1438
463
804
1273
868
1350
142
79
1825
430
1033
767
1482
1575
518
1349
1600
1836
1348
587
783
814
1781
812
1394
1385
1502
1214
1268
1111
1717
1131
282
670
78
364
31
1586
404
1724
520
492
976
772
1519
937
1848
1653
890
1246
381
143
125
338
1889
615
1307
988
232
1744
1346
1998
935
340
813
1429
1597
464
759
1722
1507
1218
1177
1850
796
1002
1173
436
280
1305
1151
343
606
1468
1317
307
683
1898
626
1383
1335
1618
711
1284
1749
1753
237
748
1541
1229
482
1957
623
764
693
1671
989
1621
1593
523
350
63
345
327
32
1392
1262
700
1211
349
527
681
1704
1785
163
1106
715
1959
999
1442
1827
840
716
1402
1911
898
831
13
1568
1894
1947
805
1044
1253
1620
1954
1487
14
1696
1221
900
870
614
507
766
1915
1418
878
1042
605
362
1844
832
165
499
330
1721
1081
1163
1252
271
1046
353
1741
1658
242
560
857
283
80
795
1134
21
1723
8
171
1139
737
1806
1929
1989
1686
829
293
429
566
117
433
1921
980
414
1815
1465
1384
1
719
1299
1236
1527
1340
1102
1248
1411
1011
1610
1156
950
1891
1972
1315
723
1544
1060
1458
412
1293
1716
1783
684
175
1955
1927
725
284
846
247
1184
1577
493
1734
108
134
841
1706
425
411
1556
1038
1984
1416
930
1679
34
1639
641
1662
296
1682
1450
192
1427
164
147
254
963
1547
420
352
200
525
402
1580
1382
1406
1796
505
1590
1015
1000
1460
564
379
1766
621
1045
1937
1762
1193
1092
1920
1585
998
286
1094
627
1718
1934
794
1733
377
1838
1617
1492
1754
1708
1379
607
720
365
879
1811
1157
1459
1313
1204
1155
943
363
1657
1529
1965
437
583
665
1052
485
1890
328
1759
130
721
1058
929
1238
1845
1374
966
157
214
1831
285
815
903
310
1584
398
1751
38
240
820
1742
559
1288
1174
1900
852
58
1070
477
692
234
1632
1149
1935
1129
1343
1782
427
1244
609
542
1986
173
1344
553
1180
584
451
1432
1756
188
1871
2
445
1663
1476
16
1001
1804
180
533
1109
1649
746
1846
1260
1630
1882
103
1194
449
450
1216
1642
755
1347
483
701
166
478
1555
958
434
888
294
1699
1746
215
1695
1330
257
70
1659
138
1814
1771
248
81
666
1048
885
276
612
1279
1748
1443
807
24
747
906
22
914
752
928
1996
1784
45
1538
1160
1080
983
1239
471
531
519
1950
1278
154
1962
503
690
11
699
1776
1768
305
1495
1280
1434
1261
1470
1117
1981
1840
836
356
489
1878
1876
1532
1272
1688
86
536
397
1614
33
1362
1215
1423
1923
50
962
1684
1009
177
1196
410
1095
1968
422
526
1289
1918
1809
1146
593
1292
640
892
1372
595
974
1944
1879
1503
1440
418
304
158
1203
994
1277
1072
1591
580
1731
1604
274
1917
671
1063
66
1201
1056
1359
791
833
208
366
1376
114
141
1188
1091
229
148
309
750
391
554
762
132
1171
1520
647
205
652
1339
1089
190
945
198
1884
417
1952
1819
643
984
1711
1795
1145
729
1166
461
1078
546
1197
1363
1628
1127
1454
262
1504
1352
1752
1012
6
1118
1640
1873
1137
239
1637
1524
277
1391
1982
847
1083
1489
669
1743
118
770
1919
1375
877
1612
1425
908
17
1677
1165
709
990
955
540
399
1648
1320
1249
1531
1719
712
1794
1271
1324
773
1779
184
1841
488
1788
104
1969
281
1798
883
331
250
1700
672
1342
691
1938
1852
269
1217
780
676
288
333
225
1410
1318
1179
1462
1219
152
193
787
740
1693
1903
654
88
1286
604
642
1830
342
572
1851
1857
1247
1159
562
1486
83
1775
396
1447
1074
1611
1113
1297
326
1624
620
51
944
1256
199
415
1010
1976
513
1926
800
1654
1264
1629
416
102
633
1412
1090
264
1540
196
1958
1638
297
1505
194
636
548
1817
1494
1057
1255
470
646
97
673
1481
828
573
941
1068
552
1207
43
1124
52
368
1602
1571
1251
1314
1172
373
202
1526
403
1390
1298
1834
577
708
1461
299
1763
1757
1673
1909
69
956
319
1105
1076
387
